629.7056810403833 23 1.41000784108628133146348324067353985356e-06 4.05428037654132817800209376279951811739e-05 0.06795642929942312393531977932070731185377 -0.003824958364259997429385196099360655352939 0.004098956626653618706690451745089376345277 0.1492859967767576623298708682341384701431 1.033283984860206894396128518565092235804 -0.01555329761534561885949479176360910059884 0 0 0 0 1 0 1 5.3336692e-05 1.0000111 8068 -1 
629.7056810403833 1 1.170690979904826072033070111233499233094e-06 3.810547334479558536941140589604515298561e-05 -0.07911794230723774579150386898618307895958 -0.02000330128625200931669070314455893822014 0.007553226875787758844149610837348518543877 0.2306428690032118755670609289154526777565 -0.9224231730743652768467200075974687933922 0.03993451496717909110500954739109147340059 0 0 0 0 1 0 1 5.3336692e-05 1.0000111 12071 -1 
629.7056810403833 2 2.502086883044659073520137038126875950184e-07 2.278281579494926655914815993853039799433e-05 -0.01897506570416454194094590945951495086774 0.0363682086231374088192147553399991011247 -0.001465909148517203141812159650214653083822 -1.233368620933597226141387181996833533049 -0.7889354556744381241628616407979279756546 0.1899531913451869280518025107085122726858 0 0 0 0 1 0 1 5.3336692e-05 1.0000111 6101 -1 
629.7056810403833 3 9.108760951696148904619559395767769416352e-07 3.504771470664696511251867683256477903342e-05 -0.08261925695712062089892668836910161189735 -0.03394922578480603914119484443290275521576 0.002810672696283857997789912275266033248045 0.4386804720977736105069766381348017603159 -0.7811384811418559115381299307045992463827 -0.07928167149792865464608127012979821301997 0 0 0 0 1 0 1 5.3336692e-05 1.0000111 14680 -1 
629.7056810403833 4 5.467117898774005419645330601519095381491e-07 2.956374288623960983383130718404885328709e-05 0.005487228985125094590791228199577744817361 -0.009157514551974837643810722909165633609518 -0.0001702949229097726184002647986659439993673 2.350362659732043724147843022365123033524 1.474452858360027374118317311513237655163 0.002379117946376524926621609523635925143026 0 0 0 0 1 0 1 5.3336692e-05 1.0000111 0 -1 
629.7056810403833 20 1.795280606820007666875891119695474174023e-06 4.394242801056056745966776899692263214092e-05 0.01821189274481371800362694557406939566135 -0.03746879471759239493833248957344039808959 0.001261770103434580944656850931551161920652 1.269398579652015968122213962487876415253 0.5445629305050340152050125652749557048082 0.03486205577403368727207322308458969928324 8.806010454506886916942398661936784666666e-14 -1.861978613202918652433909185215415624769e-12 1.673548801512175104603233199751596515484e-13 0 1 0 1 5.3336692e-05 1.0000111 10581 -1 
629.7056810403833 17 2.562899776594812464218606923305188161066e-06 4.94785705760582666099846316232202525498e-05 0.002879356469475508398248031483035447308794 -0.01379259470106095064600992827763548120856 -0.0001594766724597600248466283678894228614809 2.360177830048394209683237932040356099606 0.4726425187406184669214326277142390608788 0.009226951628005661959486261025631392840296 5.944759403559714072066599533549497970603e-13 5.530029720480437864057942106508810583892e-13 -1.052818369051525608197270694084277586552e-11 0 1 0 1 5.3336692e-05 1.0000111 153 -1 
629.7056810403833 7 3.371455361743467071615996955014082914204e-06 5.421411941689679444373803351986396137363e-05 0.01291878748272892209192352908075918094255 -0.1008863126239415292095813470041321124882 -0.001463688329827521079212759858023673587013 0.9046908495225004509521227191726211458445 0.0972576401545107577240045770849974360317 0.01113805861075992803543854847703187260777 -2.708952993050042022394409083499215403542e-12 1.857909371121264228639877287006966629854e-12 1.351131178209257042164272888374625309661e-11 0 1 0 1 5.3336692e-05 1.0000111 13832 -1 
629.7056810403833 8 9.32349179778278906205490113995315581974e-07 3.532098457779406431482696615553606989124e-05 0.02770748958804426786972641139072948135436 -0.002271507078652203540092280320550344185904 7.955450616275419779832578370815099333413e-05 -0.02598790322067409327977394184472359484062 1.666691455572680391483686435094568878412 -0.02498028901034075877074513982734060846269 0 0 0 0 1 0 1 5.3336692e-05 1.0000111 1338 -1 
629.7056810403833 9 6.586734779400803316393078062906951686273e-07 3.145791941546917386144169292983008290321e-05 -0.1027405136881694991402014238701667636633 -0.1016328097396237278848829532762465532869 0.0004223895162245362190633901633418645360507 0.5346626249824478760430679358250927180052 -0.5583416554027825773331983327807392925024 -0.01186317609082862371827626901676921988837 0 0 0 0 1 0 1 5.3336692e-05 1.0000111 28311 -1 
629.7056810403833 10 9.77357143616154024274352701828760814351e-07 3.588043508187515874497883205940240713971e-05 -0.1511391816503676877037065651165903545916 -0.02483690384090299699271220390528469579294 0.006701384836192906917229361596355374786071 0.1186742958245472212563953462449717335403 -0.7113291881398277061165913437434937804937 -0.01499341552723305534544628869753069011495 0 0 0 0 1 0 1 5.3336692e-05 1.0000111 24430 -1 
629.7056810403833 11 1.616121459159412494383916683235447031564e-07 1.969387917144406672490149212695342839652e-05 -0.06399996886162404030606865035224473103881 0.06428606547675212723458315622337977401912 0.000543221702062497853978617623482705312199 -0.7974059238567385854423719138139858841896 -0.483269168875230858972713576804380863905 -0.06011660591236619305410826541447022464126 0 0 0 0 1 0 1 5.3336692e-05 1.0000111 15499 -1 
629.7056810403833 12 4.395171117006712753201395915692017979381e-06 5.922410860319067066803375154471211772034e-05 -0.02153380010080601508759556850236549507827 0.006586482912681514839681184980690886732191 1.156421553155570853741156839289416780048e-05 -0.6311546180203178035839073345414362847805 -1.773406309722588281019284295325633138418 -0.01830856232708843317480429391252982895821 1.641149817392415897101382007834512047686e-12 -4.681480055331170958979559388065365280532e-12 -1.454290918904986687953466318973139051289e-12 0 1 0 1 5.3336692e-05 1.0000111 517 -1 
629.7056810403833 22 1.977740211974750955112772919999852838657e-07 2.106507540177246455407635006285005374593e-05 0.2092559448711729108705270618884242139757 -0.03406730427088865836848796675440098624676 -0.01074517545336796386923339241548092104495 0.1391548504377568273859822056692792102695 0.5629664448172928548075333310407586395741 -0.005121761644283515275966056634615597431548 0 0 0 0 1 0 1 5.3336692e-05 1.0000111 22153 -1 
629.7056810403833 18 8.089872856330876098887800243475432182549e-07 3.368892622046971968953824050352352514892e-05 -0.1025859629507546999516165442400961183012 -0.1188292659120072647382926334103103727102 0.0004763147901639065619899815473559101519641 0.4844100873441789523177192222647136077285 -0.4647663154166458698846042807417688891292 0.05131420664016463073497931191013776697218 0 0 0 0 1 0 1 5.3336692e-05 1.0000111 21019 -1 
