191.6495550992471 23 1.41000784108628133146348324067353985356e-06 4.05428037654132817800209376279951811739e-05 0.05988501039719626439783439764141803607345 0.01477181868620647264833678491413593292236 0.0008581430085268776765741738365989021986024 -0.3643802904918954088664406754105584695935 1.101647000302993006926044472493231296539 0.01113725983054281859496725815006357152015 0 0 0 0 1 0 1 0.0006933642 1.0000021 2232 -1 
191.6495550992471 1 1.170690979904826072033070111233499233094e-06 3.810547334479558536941140589604515298561e-05 0.091925293605526592344290293112862855196 0.02287300230441808787662516522232181159779 -0.003938369347254466225349833763402784825303 -0.1678563839225959697376566737148095853627 0.9032151210357470816347813524771481752396 0.009177378303041001939011067634055507369339 0 0 0 0 1 0 1 0.0006933642 1.0000021 2596 -1 
191.6495550992471 2 2.502086883044659073520137038126875950184e-07 2.278281579494926655914815993853039799433e-05 0.04565683738695650029093542343616718426347 -0.01063377355477474264788817492899397620931 -0.0007172029614677251059887130857362080860185 0.3340301585052080080018299668154213577509 1.2448676936533535908324665797408670187 -0.03783082325199765838519283533969428390265 0 0 0 0 1 0 1 0.0006933642 1.0000021 2554 -1 
191.6495550992471 3 9.108760951696148904619559395767769416352e-07 3.504771470664696511251867683256477903342e-05 0.03399458268862197429793781111584394238889 0.0783308738065574411413294342310109641403 0.0001241675237234979788884109419555556996784 -0.7771448729771861518855757822166197001934 0.3734156187486210587422874596086330711842 0.04367136661037083339431674744446354452521 0 0 0 0 1 0 1 0.0006933642 1.0000021 7034 -1 
191.6495550992471 4 5.467117898774005419645330601519095381491e-07 2.956374288623960983383130718404885328709e-05 -0.01116541563459410441039310057931288611144 -0.002169570362213747716229050865877070464194 7.720095657116619303184622269409231876125e-06 0.5357457172238354603521770513907540589571 -2.545081572967152094832954389858059585094 -0.0003737153667956391589477505021932302042842 0 0 0 0 1 0 1 0.0006933642 1.0000021 0 -1 
191.6495550992471 20 1.04991927182053502693272802742674443266e-06 3.674728344402756601569728922562774187099e-05 0.01706893546462470365177033215786650544032 -0.03861854112534442856619065764789411332458 0.0004790523193667626297015393888045764470007 1.26836594594488349940775151480920612812 0.5204809143610354960074459995666984468699 -0.007999597874834559613210771544800081755966 0 0 0 0 1 0 1 0.0006933642 1.0000021 2576 -1 
191.6495550992471 6 3.088923611477910994923428734948434026819e-07 2.44404384607454736868473871291840282538e-05 -0.02685075203032691662508035790324356639758 0.01367964482676886292522588917108805617318 -0.0001199175803288567984184256887125741286582 -0.9363947218243519055036472309438977390528 -1.425577307568679730209737499535549432039 -0.06521951881465730405107450451396289281547 0 0 0 0 1 0 1 0.0006933642 1.0000021 3263 -1 
191.6495550992471 7 2.184908399228585509905089037663294959657e-06 4.69156439248092128088511720829245632558e-05 -0.07821981958044020577514032765975571237504 0.0501141500254046884377245874020445626229 -0.003589616904659192076626483824952629220206 -0.570270991661597670407957139104837551713 -0.7389582445971336621681757605983875691891 -0.003206990835908212714860932024407702556346 0 0 0 0 1 0 1 0.0006933642 1.0000021 5070 -1 
191.6495550992471 8 9.32349179778278906205490113995315581974e-07 3.532098457779406431482696615553606989124e-05 -0.02259492105268806616535925968491937965155 0.01531291331523991494645287048115278594196 0.000523198114734288910639137260005782081862 -0.8453781057545302068945147766498848795891 -1.499251360421558487701076956000179052353 0.03286184141628296223602845316236198414117 0 0 0 0 1 0 1 0.0006933642 1.0000021 897 -1 
191.6495550992471 9 6.586734779400803316393078062906951686273e-07 3.145791941546917386144169292983008290321e-05 0.03368008621177649014599708721107163000852 0.1554103278079438654746269321549334563315 0.004197644788975383664531015881493658525869 -0.6816693375829987466829607001272961497307 0.1593024618381624346596936447895132005215 0.02143015174065748817966436945425812155008 0 0 0 0 1 0 1 0.0006933642 1.0000021 16607 -1 
191.6495550992471 10 9.77357143616154024274352701828760814351e-07 3.588043508187515874497883205940240713971e-05 0.01214491755703380956865622408713534241542 0.1600608149347996222999768178851809352636 -0.004098784197559668558696888140957526047714 -0.7103725527642467119093794281070586293936 0.02719572783092621265366162219834222923964 0.02341888771731879051452018813961331034079 0 0 0 0 1 0 1 0.0006933642 1.0000021 14948 -1 
191.6495550992471 11 1.616121459159412494383916683235447031564e-07 1.969387917144406672490149212695342839652e-05 0.1083226375679523095785228292697865981609 -0.001145483458273156276638338191276034194743 -0.004252233449427147635168999784127663588151 0.01820702911535822948740914739573781844229 0.8392720464542468006285957926593255251646 -0.01062621690561825656129446571185326320119 0 0 0 0 1 0 1 0.0006933642 1.0000021 3768 -1 
191.6495550992471 12 4.086278755858921336071697821834547426079e-06 5.780285194348379725548178753591344047891e-05 -0.02025799083258368257776105281209311215207 0.008915603067451434438073221144804847426713 -0.0001004096583741918141934740260623470931023 -0.7925000828365376115414164814865216612816 -1.723235590456029475703303432965185493231 -0.002494148259160558316060996020269158179872 -6.348003193741340895033105561202259737967e-13 3.46944340830517340298330485329330870152e-13 5.42065212356841849174855167512739701971e-12 0 1 0 1 0.0006933642 1.0000021 124 -1 
191.6495550992471 13 6.357454864289523560527054961422077639099e-07 3.108859046687755905936587086380029631982e-05 -0.006572402458980186948367396837511478224769 0.014053821894672647793700370755232142983 -2.069597357761162714339525647844197919767e-05 -2.093979330913387837398431656765751540661 -0.9033567610565869099303881739615462720394 -0.007886495488007131543506389448339177761227 0 0 0 0 1 0 1 0.0006933642 1.0000021 0 -1 
191.6495550992471 14 7.453613349994725340640446854811873578228e-07 3.278150515193195227046582540531005633966e-05 -0.02013002956676712348893509840763726970181 0.0332613464120739624196865236172016011551 0.0006356530101392321397898999002507025579689 -1.176223957948177245569354454346466809511 -0.7723962554324296236885061262000817805529 -0.02544613847979414894551197789951402228326 0 0 0 0 1 0 1 0.0006933642 1.0000021 2506 -1 
191.6495550992471 15 1.186546962514881349952671103775703187466e-06 3.827673752115377868270040817577637426439e-05 -0.05598291727390119348894970130459114443511 0.1097158083554759105959774956318142358214 -0.0019034515833565208726280149065246405371 -0.6761214222133101747758132660237606614828 -0.4437357821479080977056241863465402275324 -0.0128543643676390807045750719339594070334 0 0 0 0 1 0 1 0.0006933642 1.0000021 7757 -1 
191.6495550992471 21 2.5648607006989586217887656591218892288e-07 2.297177379815399826190960852478895048989e-05 -0.1372702654841101155280824741566902957857 -0.01783476947494000777738598628729960182682 -0.003979959783214625027025768133626115741208 0.1253317163585351556864821986891911365092 -0.7708849369065779999488086104975081980228 0.02942468973888174438302556268354237545282 0 0 0 0 1 0 1 0.0006933642 1.0000021 7212 -1 
191.6495550992471 17 1.927154290165860002286783020375438013616e-06 4.499304978188202073716150941606883861823e-05 0.002271740834473551413907888019139136304148 -0.01381055141472519419421072228715274832211 -7.861568595369701020780274502985918161357e-06 2.356732771370267265353959373896941542625 0.4423739173039057392955442082893569022417 0.005119352667410571010309094930335049866699 1.093091051343967244263020332186061253936e-13 5.819655051033845139019600334006590731939e-14 -3.747317321168606739563299018546161408931e-12 0 1 0 1 0.0006933642 1.0000021 13 -1 
191.6495550992471 18 8.089872856330876098887800243475432182549e-07 3.368892622046971968953824050352352514892e-05 -0.1197621945743411187024207720241975039244 -0.06057099113896873693319022891046188306063 -0.002478481468210295447784918820843813591637 0.35581876477971879912942654300422873348 -0.700499058638249350039473029028158634901 -0.004265761871179816512589244581477032625116 0 0 0 0 1 0 1 0.0006933642 1.0000021 12361 -1 
191.6495550992471 22 1.977740211974750955112772919999852838657e-07 2.106507540177246455407635006285005374593e-05 0.1081527162772017575109728682036802638322 -0.09086859533815809519818884609776432625949 -0.005570420943813640494990391260898832115345 0.4744164255392034901248621281411033123732 0.6046745352143664264943367925297934561968 0.02684588181708671972280910722474800422788 0 0 0 0 1 0 1 0.0006933642 1.0000021 13923 -1 
