574.9486652977413 23 1.41000784108628133146348324067353985356e-06 4.05428037654132817800209376279951811739e-05 -0.005598516169443998324872779903671471402049 -0.05510213065390733022663738438495784066617 -0.0008549533728685759521176423803012767166365 1.218484692357365783976774764596484601498 -0.2967335311748126591702146015450125560164 -0.0008053295340024801745801297236937443813076 0 0 0 0 1 0 1 5.3336692e-05 1.0000107 7302 -1 
574.9486652977413 1 1.170690979904826072033070111233499233094e-06 3.810547334479558536941140589604515298561e-05 -0.0791069559040687986239959172962699085474 0.05170333905744983749031007391749881207943 -0.005703367985748415171232128528799876221456 -0.4915287788725893891594864726357627660036 -0.6875379168533514162575670525257010012865 -0.006889146046029592969361932119909397442825 0 0 0 0 1 0 1 5.3336692e-05 1.0000107 11072 -1 
574.9486652977413 2 2.502086883044659073520137038126875950184e-07 2.278281579494926655914815993853039799433e-05 0.05823609171916729193574369105590449180454 0.009376421611067713157705583171264152042568 0.004394450733063597069882888490610639564693 -0.2431516166940181633560058571674744598567 1.024648360827684179241714446106925606728 0.09287388250295154634716965347251971252263 0 0 0 0 1 0 1 5.3336692e-05 1.0000107 5356 -1 
574.9486652977413 3 9.108760951696148904619559395767769416352e-07 3.504771470664696511251867683256477903342e-05 0.0370579450158851908536661312609794549644 -0.06422390132305254295541629971921793185174 0.002622324974477208223838653466941650549415 0.8687822730774756863070251711178570985794 0.6325633630832694365153656690381467342377 -0.1448925167899845212193810084500000812113 0 0 0 0 1 0 1 5.3336692e-05 1.0000107 13832 -1 
574.9486652977413 4 5.467117898774005419645330601519095381491e-07 2.956374288623960983383130718404885328709e-05 0.004530498714998876935711180635735217947513 0.008935521026874311892318480943231406854466 -0.0001178837937476419236949506941236620605196 -2.598405733294518960008190333610400557518 1.382466046327957220896109902241732925177 0.01054032736372782774747491885136696510017 0 0 0 0 1 0 1 5.3336692e-05 1.0000107 0 -1 
574.9486652977413 20 1.795280606820007666875891119695474174023e-06 4.394242801056056745966776899692263214092e-05 0.01682095189115720770822726137794234091416 0.03673695044901314349372611900435003917664 -0.0002202922582644177161483728388802205699903 -1.309965375713479041053233231650665402412 0.5438554133475530516506069034221582114697 -0.04951183546169777432988112764178367797285 8.806010454506886916942398661936784666666e-14 -1.861978613202918652433909185215415624769e-12 1.673548801512175104603233199751596515484e-13 0 1 0 1 5.3336692e-05 1.0000107 9836 -1 
574.9486652977413 17 2.562899776594812464218606923305188161066e-06 4.94785705760582666099846316232202525498e-05 0.002934894515955940256374256946969580894802 -0.01496030352644552030572100420613423921168 -3.870737241595411417790020824902796903189e-05 2.175855288236338669349834162858314812183 0.4524425039034742357380025623569963499904 -0.009564274952461884748977638537326129153371 5.944759403559714072066599533549497970603e-13 5.530029720480437864057942106508810583892e-13 -1.052818369051525608197270694084277586552e-11 0 1 0 1 5.3336692e-05 1.0000107 153 -1 
574.9486652977413 7 3.371455361743467071615996955014082914204e-06 5.421411941689679444373803351986396137363e-05 -0.04582145748847420846372457958750601392239 0.1002408961884794502683604378034942783415 0.002518710028228427801055833157306551584043 -0.7488505256371968954454132472164928913116 -0.3854013276699344570097593987156869843602 -0.007851014146212191568974247957157786004245 -2.708952993050042022394409083499215403542e-12 1.857909371121264228639877287006966629854e-12 1.351131178209257042164272888374625309661e-11 0 1 0 1 5.3336692e-05 1.0000107 13414 -1 
574.9486652977413 8 9.32349179778278906205490113995315581974e-07 3.532098457779406431482696615553606989124e-05 -0.01807544880459770533787100532663316698745 -0.02400912652975491223816817409897339530289 0.000250708979099856948437319292821712224395 1.224995672681726599506646380177699029446 -0.952972149451333794267782195674953982234 -0.02562693127076997798297064434791536768898 0 0 0 0 1 0 1 5.3336692e-05 1.0000107 1338 -1 
574.9486652977413 9 6.586734779400803316393078062906951686273e-07 3.145791941546917386144169292983008290321e-05 -0.02259796658041544198392003295339236501604 -0.146560814687488799590298071962024550885 -0.001203186446538055632757280299927060696064 0.7575874768555681537662849223124794661999 -0.09392366465284598953111583341524237766862 -0.02482711082443937039565540203511773142964 0 0 0 0 1 0 1 5.3336692e-05 1.0000107 27470 -1 
574.9486652977413 10 9.77357143616154024274352701828760814351e-07 3.588043508187515874497883205940240713971e-05 0.07090496793310735457183113794599194079638 -0.1376578217035390183653476015024352818727 0.00175069114749227183400193119666710117599 0.6349849771389843855473600342520512640476 0.3128428423365789967647287994623184204102 -0.03037209611855252316958697633708652574569 0 0 0 0 1 0 1 5.3336692e-05 1.0000107 22983 -1 
574.9486652977413 11 1.616121459159412494383916683235447031564e-07 1.969387917144406672490149212695342839652e-05 -0.07519226254497594907899582494792412035167 -0.05148129657513303425453443651349516585469 0.006696298451294767882513436774161164066754 0.5173510631627938893828400068741757422686 -0.7310491143129094204766715847654268145561 -0.1005818809343753533758203388970287051052 0 0 0 0 1 0 1 5.3336692e-05 1.0000107 13938 -1 
574.9486652977413 12 4.395171117006712753201395915692017979381e-06 5.922410860319067066803375154471211772034e-05 0.02183732309703696403135886328072956530377 0.0006427288512101522396924302427123620873317 8.462144759653103499256326935906713515578e-05 -0.01627514781729332005166810404261923395097 1.93595925955876579926950853405287489295 0.009545935087191221440905408712751523125917 1.641149817392415897101382007834512047686e-12 -4.681480055331170958979559388065365280532e-12 -1.454290918904986687953466318973139051289e-12 0 1 0 1 5.3336692e-05 1.0000107 517 -1 
574.9486652977413 22 1.977740211974750955112772919999852838657e-07 2.106507540177246455407635006285005374593e-05 -0.1664051359710978506001310961437411606312 0.01470188293668953267989696342965544317849 0.008063052763281829474206752195186709286645 -0.04583101939007960812233477554400451481342 -0.7301730633502180323191055322240572422743 0.007070942685104971217602276567504304694012 0 0 0 0 1 0 1 5.3336692e-05 1.0000107 22153 -1 
574.9486652977413 18 8.089872856330876098887800243475432182549e-07 3.368892622046971968953824050352352514892e-05 -0.1416579976122413209171924108886742033064 -0.04421557220132463911221876173840428236872 -0.01054989072786048816265935812452880782075 0.1551323875592237333531642207162803970277 -0.6895099433390839971380614770168904215097 0.002645904474642220196439756918493912962731 0 0 0 0 1 0 1 5.3336692e-05 1.0000107 20413 -1 
