1040.383299110199 23 1.41000784108628133146348324067353985356e-06 4.05428037654132817800209376279951811739e-05 -0.04659364110303974154669859331079351250082 0.05553246885678338878866711070259043481201 0.004240835738305101174083766579769871896133 -0.7575752144546473720865265022439416497946 -0.662791814410130908363782964443089440465 -0.08674478675881304445827169047333882190287 0 0 0 0 1 0 1 0.00016000794 1.0000114 10616 -1 
1040.383299110199 1 1.170690979904826072033070111233499233094e-06 3.810547334479558536941140589604515298561e-05 -0.03248174732640293077556847833875508513302 0.08112381694248509134137492537774960510433 -0.0004350543137960398648936277687937490554759 -0.8468123088173724610783210664521902799606 -0.3316254779628839965965880764997564256191 0.03720550056072655792371861593892390374094 0 0 0 0 1 0 1 0.00016000794 1.0000114 15063 -1 
1040.383299110199 2 2.502086883044659073520137038126875950184e-07 2.278281579494926655914815993853039799433e-05 -0.01235952434631328554492935012376619852148 0.05218615764002156043321889455910422839224 0.007073030875521912029524340681518879137002 -1.034771134934213909772893202898558229208 -0.1018185420794873174976657992374384775758 0.01174883784159552746473309525754302740097 0 0 0 0 1 0 1 0.00016000794 1.0000114 8355 -1 
1040.383299110199 3 9.108760951696148904619559395767769416352e-07 3.504771470664696511251867683256477903342e-05 -0.05701977169331760159076694094437698367983 0.01652932828542776413915937894216767745093 -0.003018255918486016046303754833957100345287 -0.4315191582551505256049040326615795493126 -1.125460440145038543136024600244127213955 0.09036847093462276048203563050265074707568 0 0 0 0 1 0 1 0.00016000794 1.0000114 17429 -1 
1040.383299110199 4 5.467117898774005419645330601519095381491e-07 2.956374288623960983383130718404885328709e-05 0.009857244799332087747956165912910364568233 -0.0049237117010111205658851041278012417024 8.190996905038516395715537943278405919045e-06 1.061206245212317211823460638697724789381 2.473940555623465265000504587078467011452 0.09359623759010864130214457645706715993583 0 0 0 0 1 0 1 0.00016000794 1.0000114 0 -1 
1040.383299110199 20 1.795280606820007666875891119695474174023e-06 4.394242801056056745966776899692263214092e-05 -0.001807735849745516773859344006325500231469 -0.03877144846251592835706389905681135132909 0.001669489052009064935719329092478346865391 1.471097232343389293873769929632544517517 -0.008508997218231525647147428514927014475688 0.01260121318950432889316459750261856243014 8.806010454506886916942398661936784666666e-14 -1.861978613202918652433909185215415624769e-12 1.673548801512175104603233199751596515484e-13 0 1 0 1 0.00016000794 1.0000114 13048 -1 
1040.383299110199 17 2.562899776594812464218606923305188161066e-06 4.94785705760582666099846316232202525498e-05 -0.01415725581403903463040272470152558526024 0.004341180158237179474711719961987910210155 -0.000238010052295608144461158683924395518261 -0.7409870023522279192107475864759180694818 -2.166230035522258567937115003587678074837 -0.007216415062503505305213646892070755711757 5.944759403559714072066599533549497970603e-13 5.530029720480437864057942106508810583892e-13 -1.052818369051525608197270694084277586552e-11 0 1 0 1 0.00016000794 1.0000114 153 -1 
1040.383299110199 7 3.371455361743467071615996955014082914204e-06 5.421411941689679444373803351986396137363e-05 0.06061865897112914125521854202816030010581 0.08136535641530187601411228115466656163335 -0.001925683694681899543396652596527474088361 -0.7247302430775995896183871991524938493967 0.549880553164904362084541844524210318923 0.001851043315238929060431716244750077748904 -2.708952993050042022394409083499215403542e-12 1.857909371121264228639877287006966629854e-12 1.351131178209257042164272888374625309661e-11 0 1 0 1 0.00016000794 1.0000114 28836 -1 
1040.383299110199 8 9.32349179778278906205490113995315581974e-07 3.532098457779406431482696615553606989124e-05 0.007991418802397665804848614357069891411811 -0.02758098355226010212071230398578336462379 -0.0003034292054305055309770811078351471223868 1.732584644165133136439749250712338835001 0.449334865956192874847374696400947868824 -0.05690164592752579991730144115535949822515 0 0 0 0 1 0 1 0.00016000794 1.0000114 2060 -1 
1040.383299110199 9 6.586734779400803316393078062906951686273e-07 3.145791941546917386144169292983008290321e-05 -0.01981967397883702824978868761718331370503 0.1629297719549491485491188313972088508308 0.008898948372312460650124243954905978171155 -0.6577463295125735021073865027574356645346 -0.1861435115201863776945856443489901721478 0.04040153462793771854677515875664539635181 0 0 0 0 1 0 1 0.00016000794 1.0000114 33498 -1 
1040.383299110199 10 9.77357143616154024274352701828760814351e-07 3.588043508187515874497883205940240713971e-05 0.1042687241424358479680023492619511671364 0.1178653309672321597423305661322956439108 0.007912216348010729302653309957804594887421 -0.5503060098169756386710105289239436388016 0.4735913385971440292543377381662139669061 -0.01237746889280849117709326634440003545024 0 0 0 0 1 0 1 0.00016000794 1.0000114 34414 -1 
1040.383299110199 11 1.616121459159412494383916683235447031564e-07 1.969387917144406672490149212695342839652e-05 -0.1415278282529412734458418299254844896495 0.1263589266520994403020239360557752661407 -0.007748367434299522488183598056821210775524 -0.2921245461526055797740752950630849227309 -0.4802148167567087400087189053010661154985 -0.01198807910985909448708941482664158684202 0 0 0 0 1 0 1 0.00016000794 1.0000114 32222 -1 
1040.383299110199 12 4.395171117006712753201395915692017979381e-06 5.922410860319067066803375154471211772034e-05 0.01914331119366691896788168492093973327428 0.008718717333800330218651630787007889011875 -1.291230984571857029051967363786346254528e-05 -0.8148606428698338399740919157920870929956 1.809583115054948621036601252853870391846 -0.02489076663492485047557423172293056268245 1.641149817392415897101382007834512047686e-12 -4.681480055331170958979559388065365280532e-12 -1.454290918904986687953466318973139051289e-12 0 1 0 1 0.00016000794 1.0000114 606 -1 
1040.383299110199 22 1.977740211974750955112772919999852838657e-07 2.106507540177246455407635006285005374593e-05 -0.02711604127910683878499575882869976339862 0.1779004958303514460915550898789661005139 0.006019996922770019798232254970571375451982 -0.6432486994742632191446318756788969039917 -0.1556962654221110964325447412193170748651 0.0005141539199075901471827632072120195516618 0 0 0 0 1 0 1 0.00016000794 1.0000114 23727 -1 
1040.383299110199 18 8.089872856330876098887800243475432182549e-07 3.368892622046971968953824050352352514892e-05 0.1048728169351239580819878938200417906046 0.04113702986459542854102977571528754197061 -0.001378251160540236311749517916780405357713 -0.2731990312819976840508218174363719299436 0.8559257301107486837210558405786287039518 -0.01211465951472516684728208957722017657943 0 0 0 0 1 0 1 0.00016000794 1.0000114 26800 -1 
