383.2991101984942 23 1.41000784108628133146348324067353985356e-06 4.05428037654132817800209376279951811739e-05 -0.02285211478087599556996423189048073254526 0.05282199453583411030699323873704997822642 0.002726963084569915523464045392643129162025 -1.137140344000995284545751928817480802536 -0.5132186271630788665376599055889528244734 0.008356805578123039160431950733709527412429 0 0 0 0 1 0 1 5.3336692e-05 1.0000089 3538 -1 
383.2991101984942 1 1.170690979904826072033070111233499233094e-06 3.810547334479558536941140589604515298561e-05 -0.0707356369876636914550971368953469209373 0.04479455420133746090805004769208608195186 -0.005287116539893378826253655944356069085188 -0.4392818111497159283551638964127050712705 -0.8718092686622510578686728877073619514704 -0.08143054274569423711671589671823312528431 0 0 0 0 1 0 1 5.3336692e-05 1.0000089 8493 -1 
383.2991101984942 2 2.502086883044659073520137038126875950184e-07 2.278281579494926655914815993853039799433e-05 -0.05678300815437720139300381561042740941048 0.003262828255675181282624564005345746409148 -0.00166854670522014413534817034445723038516 0.05372156207751039441733453827509947586805 -1.097833164353660295731174301181454211473 0.01430364636486690377292774201123393140733 0 0 0 0 1 0 1 5.3336692e-05 1.0000089 3867 -1 
383.2991101984942 3 9.108760951696148904619559395767769416352e-07 3.504771470664696511251867683256477903342e-05 -0.07166332443398372442633359469255083240569 0.04035217022433557759741873383063648361713 -0.004584171331049433258109093713983384077437 -0.4415787144805826125448788843641523271799 -0.8160176436064020544236541354621294885874 0.07271913987349364061341105980318388901651 0 0 0 0 1 0 1 5.3336692e-05 1.0000089 10467 -1 
383.2991101984942 4 5.467117898774005419645330601519095381491e-07 2.956374288623960983383130718404885328709e-05 -0.002087084577582316510802051823247893480584 0.01136136454920200211660130662494339048862 -2.893450298499404942380482108621464476528e-07 -2.491889904884509121529845288023352622986 -0.597582544745334010016790671215858310461 -0.01179362184458667035802381661824256298132 0 0 0 0 1 0 1 5.3336692e-05 1.0000089 0 -1 
383.2991101984942 20 1.795280606820007666875891119695474174023e-06 4.394242801056056745966776899692263214092e-05 -0.01060029425985568006518544592609032406472 -0.03757210884151204050018790780995914246887 0.0004206481733360455783042597399656870038598 1.393248720766909531931787569192238152027 -0.3688974481890293088959253964276285842061 -0.009173726941817797464473471791279735043645 8.806010454506886916942398661936784666666e-14 -1.861978613202918652433909185215415624769e-12 1.673548801512175104603233199751596515484e-13 0 1 0 1 5.3336692e-05 1.0000089 8123 -1 
383.2991101984942 6 3.088923611477910994923428734948434026819e-07 2.44404384607454736868473871291840282538e-05 -0.01040703043313251363599647447699680924416 -0.03229675090076371962721779595995030831546 -0.00175678415405754596682885715352995248395 1.443456634768019553050066861032973974943 -0.6338992753183348982659595094446558505297 -0.005583987827249504466708973637878443696536 0 0 0 0 1 0 1 5.3336692e-05 1.0000089 7274 -1 
383.2991101984942 7 2.184908399228585509905089037663294959657e-06 4.69156439248092128088511720829245632558e-05 -0.06779383807744256140725980230854474939406 0.06449736528051883133194621677830582484603 0.0007901738528151113069228350660466730914777 -0.6505262057467718905812148477707523852587 -0.6859509766358521387630275967239867895842 0.02958887561701702834104921180369274225086 0 0 0 0 1 0 1 5.3336692e-05 1.0000089 12226 -1 
383.2991101984942 8 9.32349179778278906205490113995315581974e-07 3.532098457779406431482696615553606989124e-05 -0.02533433297863076430478379563737689750269 -0.01735059607143920115679414095666288631037 0.0001729142752871116604958257045865366308135 0.907035120217846047019349953188793733716 -1.224607115361347808857317431829869747162 -0.01324716689404923514183920474351907614619 0 0 0 0 1 0 1 5.3336692e-05 1.0000089 1116 -1 
383.2991101984942 9 6.586734779400803316393078062906951686273e-07 3.145791941546917386144169292983008290321e-05 0.06578375770587707727088400133652612566948 0.1462590045929847704098136773609439842403 -0.002679062693597360819003361243062499852385 -0.640131066278140092862258825334720313549 0.2793080257660833232158381633780663833022 -0.01258637880095592014029204364078395883553 0 0 0 0 1 0 1 5.3336692e-05 1.0000089 22648 -1 
383.2991101984942 10 9.77357143616154024274352701828760814351e-07 3.588043508187515874497883205940240713971e-05 -0.1543386959990211138027405013417592272162 -0.008975900059205198233680533803635626100004 0.0004737052457362036757618217741594435210573 0.07465892466858602138923828306360519491136 -0.7166940786553309683526435946987476199865 -0.03670069910643608546152449889632407575846 0 0 0 0 1 0 1 5.3336692e-05 1.0000089 20241 -1 
383.2991101984942 11 1.616121459159412494383916683235447031564e-07 1.969387917144406672490149212695342839652e-05 -0.05706659031772008672245277693946263752878 0.05843374761754953350401109446465852670372 0.006756435789107405158471220119054123642854 -0.6544504883428629016250965833023656159639 -0.7074632315151446748657804164395201951265 -0.07000316159607715416068884906053426675498 0 0 0 0 1 0 1 5.3336692e-05 1.0000089 11506 -1 
383.2991101984942 12 4.086278755858921336071697821834547426079e-06 5.780285194348379725548178753591344047891e-05 0.002514286912379383107096764149446244118735 -0.02200666862075384075381201398613484343514 0.0001376933264252678222605563718161647557281 1.883800941528177563810686478973366320133 0.1845599465751368295496348537199082784355 0.01026032325470078131190998504962408333085 -6.348003193741340895033105561202259737967e-13 3.46944340830517340298330485329330870152e-13 5.42065212356841849174855167512739701971e-12 0 1 0 1 5.3336692e-05 1.0000089 134 -1 
383.2991101984942 22 1.977740211974750955112772919999852838657e-07 2.106507540177246455407635006285005374593e-05 0.08711432826391452000081017104093916714191 0.1489052182611824981517401056407834403217 -0.007479988201297447375504034994264657143503 -0.5867405488090221554742242915381211787462 0.3267059598170335421585264157329220324755 -0.01890527448055542847349386192945530638099 0 0 0 0 1 0 1 5.3336692e-05 1.0000089 19808 -1 
383.2991101984942 18 8.089872856330876098887800243475432182549e-07 3.368892622046971968953824050352352514892e-05 -0.1252572698747903834348704776857630349696 -0.02555012576768593904330550969916657777503 0.004836248464044410992623834744108535232954 0.1626885125318741076583251015108544379473 -0.7552763794510608530430317841819487512112 0.004391020538901141412324591328797396272421 0 0 0 0 1 0 1 5.3336692e-05 1.0000089 16466 -1 
383.2991101984942 15 1.186546962514881349952671103775703187466e-06 3.827673752115377868270040817577637426439e-05 -0.1254737325727392771579360442046890966594 0.06581213959735991714250502582217450253665 0.002568838659952701365674077038647737936117 -0.3293149941619322729202679056470515206456 -0.6463725478882433872485080428305082023144 0.01370661010889988491723290309209914994426 0 0 0 0 1 0 1 5.3336692e-05 1.0000089 10890 -1 
383.2991101984942 21 2.5648607006989586217887656591218892288e-07 2.297177379815399826190960852478895048989e-05 0.1565484647430991360650409660593140870333 0.1299720373145237806156160331738647073507 0.002864049024249047236539977845382054510992 -0.449602683969501148997238715310231782496 0.3795802549851104989997452321404125541449 -0.01948790608365238638532979109641019022092 0 0 0 0 1 0 1 5.3336692e-05 1.0000089 13609 -1 
383.2991101984942 17 2.562899776594812464218606923305188161066e-06 4.94785705760582666099846316232202525498e-05 0.005254552850541487074575996985004167072475 0.01408351772161149650930411780791473574936 0.0001218485753944655974314800750413212426793 -2.109710881460105547091643529711291193962 0.7959657169364555695523222311749123036861 0.0001462153279108531424464179071520675279316 5.944759403559714072066599533549497970603e-13 5.530029720480437864057942106508810583892e-13 -1.052818369051525608197270694084277586552e-11 0 1 0 1 5.3336692e-05 1.0000089 153 -1 
