13.68925393566051 23 1.41000784108628133146348324067353985356e-06 4.05428037654132817800209376279951811739e-05 -0.01258346955308315036348165705248902668245 0.06035266048914309650053056088836456183344 -0.0002173895876590644651252942631813880325353 -1.14214030779529696069118926970986649394 -0.2525160363276043873348442048154538497329 -0.0005697823805582771794497887185571016743779 0 0 0 0 1 0 1 5.3336159e-05 1.00001 0 -1 
13.68925393566051 1 1.170690979904826072033070111233499233094e-06 3.810547334479558536941140589604515298561e-05 0.04006171997354435881932843699360091704875 -0.06896492240056724398744592008370091207325 -4.265950326635317821268728044614704231208e-05 0.9093970599135586807548747856344562023878 0.4963156372389799231292784043034771457314 -0.001493808081698629096692454432115937379422 0 0 0 0 1 0 1 5.3336159e-05 1.00001 0 -1 
13.68925393566051 2 2.502086883044659073520137038126875950184e-07 2.278281579494926655914815993853039799433e-05 0.02242146034450231972812161984620615839958 0.02902331887662592049825782680727570550516 2.44842502737229848351532129901997336674e-05 -1.233215008557573932890250034688506275415 0.8644075882497214147193176358996424823999 -0.004796419894090828833776996020787919405848 0 0 0 0 1 0 1 5.3336159e-05 1.00001 263 -1 
13.68925393566051 3 9.108760951696148904619559395767769416352e-07 3.504771470664696511251867683256477903342e-05 -0.08003894666231649301924022665843949653208 0.0678798036542315602615005332154396455735 -0.0004018225064801541246591043421432232207735 -0.5253709209003758484612944812397472560406 -0.6908462090845807201944239750446286052465 -0.001961125000455012524352982339337359007914 0 0 0 0 1 0 1 5.3336159e-05 1.00001 407 -1 
13.68925393566051 4 5.467117898774005419645330601519095381491e-07 2.956374288623960983383130718404885328709e-05 0.004282526910231697347963830679873353801668 -0.01023326334471867139763734400048633688129 -2.157443612350272794584132157735822943323e-06 2.457572385251217461643591377651318907738 1.039776674832016745142482250230386853218 0.000804978875075162427464581238467644652701 0 0 0 0 1 0 1 5.3336159e-05 1.00001 0 -1 
13.68925393566051 20 1.04991927182053502693272802742674443266e-06 3.674728344402756601569728922562774187099e-05 -0.01672106894464189807969489720562705770135 -0.03925972306944887357804674365979735739529 3.758735180607505408902297219797539185038e-06 1.277991941876523540599919215310364961624 -0.5234548008414219300021841263514943420887 0.001588270316171665154023062704879976081429 0 0 0 0 1 0 1 5.3336159e-05 1.00001 192 -1 
13.68925393566051 6 3.088923611477910994923428734948434026819e-07 2.44404384607454736868473871291840282538e-05 -0.03336674886431923586771475243040185887367 0.001564942118468943144798943833961857308168 -5.048741202197181438134608588708118759314e-06 -0.05570303629901579567373914869676809757948 -1.539069538576059104073578964744228869677 -0.001389167992688956822927570655679119226988 0 0 0 0 1 0 1 5.3336159e-05 1.00001 0 -1 
13.68925393566051 7 2.184908399228585509905089037663294959657e-06 4.69156439248092128088511720829245632558e-05 -0.06229513232503208070012234998102940153331 -0.05950647919900291238359812950875493697822 -0.0003830300386109902429677964708076842725859 0.67412129392335995436980056183529086411 -0.6906927239813446250948913984757382422686 0.001749386251149464199458605229153818072518 0 0 0 0 1 0 1 5.3336159e-05 1.00001 0 -1 
13.68925393566051 8 9.32349179778278906205490113995315581974e-07 3.532098457779406431482696615553606989124e-05 -0.02561129011589346679556022934320935746655 0.006727117796321163863126901816258396138437 -8.325531997882698199823538198760530804066e-06 -0.4101621961941433469611695272760698571801 -1.729977430362968693344782877829857170582 -0.0002282958525551836178983655667451557746972 0 0 0 0 1 0 1 5.3336159e-05 1.00001 54 -1 
13.68925393566051 9 6.586734779400803316393078062906951686273e-07 3.145791941546917386144169292983008290321e-05 -0.07748504920409565732697387829830404371023 -0.1260725732227892526005064155469881370664 -0.001467272919119735332879606026779129024362 0.6363958067465552703723119520873297005892 -0.3682906813103717369450862406665692105889 0.0009413095331471699493339211350928508181823 0 0 0 0 1 0 1 5.3336159e-05 1.00001 2761 -1 
13.68925393566051 10 9.77357143616154024274352701828760814351e-07 3.588043508187515874497883205940240713971e-05 0.1087118539178952014712109530591988004744 0.1177492716663977589952594371425220742822 -0.001178552852762633105718204085121669777436 -0.5392714117632774195598699407128151506186 0.45944140875738431750718859802873339504 -0.002185469969211553675769721394317457452416 0 0 0 0 1 0 1 5.3336159e-05 1.00001 1361 -1 
13.68925393566051 11 1.616121459159412494383916683235447031564e-07 1.969387917144406672490149212695342839652e-05 0.1199564585252204246268448173395881894976 -0.03575206754965056660244826503003423567861 -0.01204847029888076251347150957826670492068 0.1661851846900556928243730681060696952045 0.7669058189242951018016469788562972098589 -0.03107174261835270873133296731793961953372 0 0 0 0 1 0 1 5.3336159e-05 1.00001 0 -1 
13.68925393566051 12 4.086278755858921336071697821834547426079e-06 5.780285194348379725548178753591344047891e-05 0.02177793390566194059454474540871160570532 0.002820395141705719487673631462598677899223 2.07822265255940964414271485138918649227e-06 -0.2502941323153303199156027858407469466329 1.898319027967212635488181149412412196398 -6.699264612149419494113982559424513851809e-06 -6.348003193741340895033105561202259737967e-13 3.46944340830517340298330485329330870152e-13 5.42065212356841849174855167512739701971e-12 0 1 0 1 5.3336159e-05 1.00001 124 -1 
13.68925393566051 13 6.357454864289523560527054961422077639099e-07 3.108859046687755905936587086380029631982e-05 -0.01318185394028170698277335759485140442848 -0.007814471045192497231091088849552761530504 1.108831222619764103783090991584003859316e-06 1.185944330114505840256811097788158804178 -1.983203827107931305206989236467052251101 -0.0008094138171884260150867884675562891061418 0 0 0 0 1 0 1 5.3336159e-05 1.00001 0 -1 
13.68925393566051 14 7.453613349994725340640446854811873578228e-07 3.278150515193195227046582540531005633966e-05 0.03636807599524104206434316211016266606748 0.00272905351622259977062423530469459365122 -1.229821992895807782454967171936743852712e-05 -0.1689966087621256052297979977083741687238 1.469883199754896452304819831624627113342 0.001739363676846943573481296674287932546576 0 0 0 0 1 0 1 5.3336159e-05 1.00001 71 -1 
13.68925393566051 15 1.186546962514881349952671103775703187466e-06 3.827673752115377868270040817577637426439e-05 0.07368878045078376681775722545353346504271 0.08061153254820736802077618676776182837784 -0.0009100142945485773741248758383903805224691 -0.6488727246633384515561715488729532808065 0.5557356646265091404401914587651845067739 -0.0003702658323468998929559048427506695588818 0 0 0 0 1 0 1 5.3336159e-05 1.00001 407 -1 
13.68925393566051 21 2.5648607006989586217887656591218892288e-07 2.297177379815399826190960852478895048989e-05 0.1164262887535188750742776164770475588739 0.1284936608720365636138183162984205409884 0.0003909449618816460592270189966512816681643 -0.4913581718713256329955640921980375424027 0.4455047053004815849064357280440162867308 -0.01045168640281319942519910881628675269894 0 0 0 0 1 0 1 5.3336159e-05 1.00001 1566 -1 
13.68925393566051 17 1.927154290165860002286783020375438013616e-06 4.499304978188202073716150941606883861823e-05 -0.01377264251212456831752195540730099310167 0.00164439768756631217797026245364122587489 -3.821162100975805771469525490280361168516e-06 -0.2927025087184262353012798030249541625381 -2.401178805012248229644455932429991662502 0.001173960895775446157743293618125335342484 1.093091051343967244263020332186061253936e-13 5.819655051033845139019600334006590731939e-14 -3.747317321168606739563299018546161408931e-12 0 1 0 1 5.3336159e-05 1.00001 13 -1 
13.68925393566051 18 8.089872856330876098887800243475432182549e-07 3.368892622046971968953824050352352514892e-05 0.0250716916870701508890384445749077713117 0.1456905256755344491015335961492382921278 -0.0004168186292241150381170100569505621024291 -0.7110155306816073883524609300366137176752 0.1423292202831903385806811002112226560712 0.003730315600456796804040848769545846153051 0 0 0 0 1 0 1 5.3336159e-05 1.00001 1982 -1 
13.68925393566051 22 1.977740211974750955112772919999852838657e-07 2.106507540177246455407635006285005374593e-05 -0.1481478898710575364816577348392456769943 -0.01136126718965395701599341293785982998088 0.00520182601951044761706688390745512151625 0.0884446332124774886596085821111046243459 -0.7251082882120907235901086096419021487236 -0.04249211609163741631967070588871138170362 0 0 0 0 1 0 1 5.3336159e-05 1.00001 270 -1 
