1108.829568788501 23 1.41000784108628133146348324067353985356e-06 4.05428037654132817800209376279951811739e-05 -0.00685268118323090029420097124557287315838 -0.06256710148043805042039622321681235916913 0.001879959881047786867530602350484514317941 1.152809904441529642582509040948934853077 -0.145547728035578111116521426993131171912 0.1020188633182467913274038551207922864705 0 0 0 0 1 0 1 0.00021334357 1.0000112 10742 -1 
1108.829568788501 1 1.170690979904826072033070111233499233094e-06 3.810547334479558536941140589604515298561e-05 -0.04393862353373437223957864716794574633241 -0.06444008524162148088265666956431232392788 -0.001022263076676905094175573651682498166338 0.8729126441350044673939123640593606978655 -0.4655022733328146866682573090656660497189 -0.001339811247348119630645735256280204339419 0 0 0 0 1 0 1 0.00021334357 1.0000112 15913 -1 
1108.829568788501 2 2.502086883044659073520137038126875950184e-07 2.278281579494926655914815993853039799433e-05 0.007115737749076099342981915896189093473367 -0.03146527949311937050191900766549224499613 0.002820066253479800062742288702111181919463 1.647446425139220682609675350249744951725 0.6659937979574576116803541481203865259886 -0.141202722550400200374198789177171420306 0 0 0 0 1 0 1 0.00021334357 1.0000112 8839 -1 
1108.829568788501 3 9.108760951696148904619559395767769416352e-07 3.504771470664696511251867683256477903342e-05 0.03058015781404829075418305706079991068691 0.05679187773776712966355972866949741728604 0.0007519231492522142562898168627327777358005 -1.0076512684253819962520992703502997756 0.5545762956353182948632252191600855439901 0.1167743708159668380996976111418916843832 0 0 0 0 1 0 1 0.00021334357 1.0000112 18306 -1 
1108.829568788501 4 5.467117898774005419645330601519095381491e-07 2.956374288623960983383130718404885328709e-05 -0.007034538866386276859121728932677797274664 0.008332342777028687447193888715446519199759 -0.0001914583227727560145719348794202119279362 -2.120608713242511544905255505000241100788 -1.698624789456453232361354821478016674519 0.005137934636101989908929521533309525693767 0 0 0 0 1 0 1 0.00021334357 1.0000112 0 -1 
1108.829568788501 20 1.795280606820007666875891119695474174023e-06 4.394242801056056745966776899692263214092e-05 0.03179507555507943283856775451567955315113 0.02216726780375445973736425742117717163637 0.0002362626156233332309908323765057502896525 -0.7413353749503607259541126950352918356657 1.269552470581401859561765377293340861797 0.01799727222512900737250163274438818916678 8.806010454506886916942398661936784666666e-14 -1.861978613202918652433909185215415624769e-12 1.673548801512175104603233199751596515484e-13 0 1 0 1 0.00021334357 1.0000112 13315 -1 
1108.829568788501 17 2.562899776594812464218606923305188161066e-06 4.94785705760582666099846316232202525498e-05 -0.01400347931357855124634426147167687304318 0.0009628795698825637003337440944505942752585 9.137794415210522837832163300930687910295e-05 -0.1348187418480565891165667835593922063708 -2.41318462223691465595720728742890059948 0.03327041362393950985065771419613156467676 5.944759403559714072066599533549497970603e-13 5.530029720480437864057942106508810583892e-13 -1.052818369051525608197270694084277586552e-11 0 1 0 1 0.00021334357 1.0000112 153 -1 
1108.829568788501 7 3.371455361743467071615996955014082914204e-06 5.421411941689679444373803351986396137363e-05 -0.02790168059683960019579096467623458011076 0.1023106974049298178996991737221833318472 -0.0003184585865710477890072604978399795072619 -0.8370234069413898803091456102265510708094 -0.2227997728812187716584958252497017383575 0.01670366544930631386156605344694980885834 -2.708952993050042022394409083499215403542e-12 1.857909371121264228639877287006966629854e-12 1.351131178209257042164272888374625309661e-11 0 1 0 1 0.00021334357 1.0000112 30465 -1 
1108.829568788501 8 9.32349179778278906205490113995315581974e-07 3.532098457779406431482696615553606989124e-05 0.02162186740337443402459882690891390666366 -0.02490434874701595233115192229433887405321 -0.0001409841832504846691458827434573208847723 1.022880601785144172310992871643975377083 1.196008390124125853049008583184331655502 -0.06093964520335343887369461413072713185102 0 0 0 0 1 0 1 0.00021334357 1.0000112 2164 -1 
1108.829568788501 9 6.586734779400803316393078062906951686273e-07 3.145791941546917386144169292983008290321e-05 0.07256404578186793907779161827420466579497 -0.1407773241537640940279629830911289900541 -0.01276364179856395199286200892174747423269 0.6682632873221288072329571150476112961769 0.2296013014662425799627953892922960221767 -0.0008306849659217565781665904012243117904291 0 0 0 0 1 0 1 0.00021334357 1.0000112 33761 -1 
1108.829568788501 10 9.77357143616154024274352701828760814351e-07 3.588043508187515874497883205940240713971e-05 0.03443574426242694552779965988520416431129 0.1531434590743010470959006852353923022747 5.783661521121494026502572044501349068923e-06 -0.6991439854477540238875121758610475808382 0.1828066721524669591136813551202067174017 -0.02353864401967053002207030942827259423211 0 0 0 0 1 0 1 0.00021334357 1.0000112 36662 -1 
1108.829568788501 11 1.616121459159412494383916683235447031564e-07 1.969387917144406672490149212695342839652e-05 -0.1381804420370353059244195037535973824561 0.1154101689393862983923355614024330861866 -0.003708209534191757739823858130989719938952 -0.2619654589136429234663694387563737109303 -0.5466355210118375440586646618612576276064 0.03517615093223486893991847068718925584108 0 0 0 0 1 0 1 0.00021334357 1.0000112 33675 -1 
1108.829568788501 12 4.395171117006712753201395915692017979381e-06 5.922410860319067066803375154471211772034e-05 -0.02174786242884632972427461083952948683873 -0.004286176291412210383191538909386508748867 -0.0003715377424765003294693244129121012520045 0.3646842955594267743357761446532094851136 -1.848178449901415554279537900583818554878 0.02276547332888606209322368556513538351282 1.641149817392415897101382007834512047686e-12 -4.681480055331170958979559388065365280532e-12 -1.454290918904986687953466318973139051289e-12 0 1 0 1 0.00021334357 1.0000112 606 -1 
1108.829568788501 22 1.977740211974750955112772919999852838657e-07 2.106507540177246455407635006285005374593e-05 -0.06372287796503327272912287071449100039899 0.1599158996231370144514016828907188028097 0.003754465828865926214225057222506620746572 -0.6124063234891414797544939574436284601688 -0.3238361328989626808372292998683406040072 -0.02979743466649985295102709415004937909544 0 0 0 0 1 0 1 0.00021334357 1.0000112 25625 -1 
1108.829568788501 18 8.089872856330876098887800243475432182549e-07 3.368892622046971968953824050352352514892e-05 0.03886704489286401525971470505282923113555 -0.1378118292954381429726851138184429146349 -0.001494638949773697796444271723714791733073 0.657765784043895740396123983373399823904 0.3504122417334550876333310043264646083117 -0.01435762206419330215545482332117899204604 0 0 0 0 1 0 1 0.00021334357 1.0000112 27955 -1 
