314.8528405201916 23 1.41000784108628133146348324067353985356e-06 4.05428037654132817800209376279951811739e-05 0.05971783923524506126900845970340014901012 0.02283116605113719166375574332050746306777 -0.0001012947622207465851783617094561407157016 -0.4874450720782776969031147018540650606155 1.01886447536182678241800658724969252944 -0.03638558920885651137844263303122716024518 0 0 0 0 1 0 1 0.00010667232 1.0000074 2828 -1 
314.8528405201916 1 1.170690979904826072033070111233499233094e-06 3.810547334479558536941140589604515298561e-05 -0.07537884737633321341476744237297680228949 -0.04856269441704864908704308845699415542185 0.002932161372954181829258990532593998068478 0.5373552481308563333328720545978285372257 -0.7811336476656577376687096148089040070772 0.02244809362596325574834565941273467615247 0 0 0 0 1 0 1 0.00010667232 1.0000074 6583 -1 
314.8528405201916 2 2.502086883044659073520137038126875950184e-07 2.278281579494926655914815993853039799433e-05 -0.04353504702224463007720345331108546815813 0.01948977506025940248379768604536366183311 -0.001445527751859135767373287784209878736874 -0.4036582346749765792814912401809124276042 -1.235012960627538625146826234413310885429 -0.02091120927911597690562750528897595359012 0 0 0 0 1 0 1 0.00010667232 1.0000074 3062 -1 
314.8528405201916 3 9.108760951696148904619559395767769416352e-07 3.504771470664696511251867683256477903342e-05 0.05424820544923168730289120276211178861558 -0.01201010691285681573903243446466149180196 -0.001185337504547773852456304943814302532701 0.3999887827514999050215749321068869903684 1.253178362230861653259239574254024773836 0.04111404763425804270715602228847274091095 0 0 0 0 1 0 1 0.00010667232 1.0000074 9455 -1 
314.8528405201916 4 5.467117898774005419645330601519095381491e-07 2.956374288623960983383130718404885328709e-05 0.01017078523821924283809803313260999857448 -0.004497321086502914511129347374662756919861 4.373425736020009139395567365760086886439e-05 0.9313133488745505284001069412624929100275 2.496127068493553924355410345015116035938 0.01999987510734646881105369686792982975021 0 0 0 0 1 0 1 0.00010667232 1.0000074 0 -1 
314.8528405201916 20 1.04991927182053502693272802742674443266e-06 3.674728344402756601569728922562774187099e-05 -0.03819162131364755435880553591232455801219 -0.004336271764384577384610075512227922445163 0.0001089356466040681940300738350657638875418 0.2098099982714752842483107997395563870668 -1.478180932446192752394154013018123805523 0.04611208693394315549785034136220929212868 0 0 0 0 1 0 1 0.00010667232 1.0000074 5675 -1 
314.8528405201916 6 3.088923611477910994923428734948434026819e-07 2.44404384607454736868473871291840282538e-05 -0.02607845352411330627773189405615994473919 -0.03064234973407891846064465823928912868723 0.001955303021114940340702270660244721511845 1.144251960883336582952551907510496675968 -0.7594697650203919847555766864388715475798 -0.03476455950118521875946697718973155133426 0 0 0 0 1 0 1 0.00010667232 1.0000074 5554 -1 
314.8528405201916 7 2.184908399228585509905089037663294959657e-06 4.69156439248092128088511720829245632558e-05 -0.08066860184382901310939928407606203109026 -0.04325738482323900763182322748434671666473 -0.002557983299109771024165693731333703908604 0.3693931091694941382108652305760188028216 -0.8883396094134933251851293789513874799013 -0.02182041721342338133626803653442038921639 0 0 0 0 1 0 1 0.00010667232 1.0000074 10805 -1 
314.8528405201916 8 9.32349179778278906205490113995315581974e-07 3.532098457779406431482696615553606989124e-05 0.02544873398732400843202938744980201590806 -0.007815981171934939866763336624444491462782 0.000221491755682909460985208216499131594901 0.6431743399121834237064376793568953871727 1.630785537005509766572686203289777040482 0.0415233258834959706451428473883424885571 0 0 0 0 1 0 1 0.00010667232 1.0000074 1106 -1 
314.8528405201916 9 6.586734779400803316393078062906951686273e-07 3.145791941546917386144169292983008290321e-05 0.03387051316984503179785548354630009271204 -0.1542222612050422603235944052357808686793 0.002477586375013815078033330152607049967628 0.6914583515984686901134637082577683031559 0.1541199970424569354321420178166590631008 0.01313277277845953383561550253944005817175 0 0 0 0 1 0 1 0.00010667232 1.0000074 21680 -1 
314.8528405201916 10 9.77357143616154024274352701828760814351e-07 3.588043508187515874497883205940240713971e-05 0.1576707799784619612459835025219945237041 0.02453070560436000982496018707479379372671 -0.005105649722362200736147652690988252288662 -0.07931344209520305166272180485975695773959 0.6981317195589348267859008956293109804392 0.0328064395874516148698951667483925120905 0 0 0 0 1 0 1 0.00010667232 1.0000074 19770 -1 
314.8528405201916 11 1.616121459159412494383916683235447031564e-07 1.969387917144406672490149212695342839652e-05 -0.08558997228683400126936220431161927990615 -0.002414935907185258769785951571407167648431 -0.001030599545648087575488993650196789531037 0.1599603823930162704858304323352058418095 -0.9700174610058668323020469870243687182665 0.02608461406021585216041813737319898791611 0 0 0 0 1 0 1 0.00010667232 1.0000074 9751 -1 
314.8528405201916 12 4.086278755858921336071697821834547426079e-06 5.780285194348379725548178753591344047891e-05 0.009001596388500997594772634613491391064599 0.01997519238645953029709367854138690745458 -8.777371636272623359621009031528160448943e-05 -1.76444589298614618044780399941373616457 0.7481756692747580927971284836530685424805 0.007832389172555853651402912873891182243824 -6.348003193741340895033105561202259737967e-13 3.46944340830517340298330485329330870152e-13 5.42065212356841849174855167512739701971e-12 0 1 0 1 0.00010667232 1.0000074 124 -1 
314.8528405201916 22 1.977740211974750955112772919999852838657e-07 2.106507540177246455407635006285005374593e-05 0.07471171867898170060318108198771369643509 -0.1484966999417528243920827435431419871747 0.00647415831688344638877863346237973019015 0.6170948611501690939107334088475909084082 0.3116701741836841454968975995143409818411 0.03125717494667112211770287899526010733098 0 0 0 0 1 0 1 0.00010667232 1.0000074 19659 -1 
314.8528405201916 14 7.453613349994725340640446854811873578228e-07 3.278150515193195227046582540531005633966e-05 -0.03073204599737272210702165864404378226027 0.0242091338626277963186339547974057495594 0.0005847883613842239092228680874541169032454 -0.8282743122899495213928844350448343902826 -1.096234274170219791244562657084316015244 -0.06600744851818861336223420721580623649061 0 0 0 0 1 0 1 0.00010667232 1.0000074 4053 -1 
314.8528405201916 15 1.186546962514881349952671103775703187466e-06 3.827673752115377868270040817577637426439e-05 0.06047151568361524426320485758878930937499 -0.1113753125785226921751203121857543010265 0.002076156915644664698733512508965759479906 0.7156673690857833225464901261148042976856 0.4044024464467284030178007014910690486431 -0.02300709989497424362570043854248069692403 0 0 0 0 1 0 1 0.00010667232 1.0000074 10245 -1 
314.8528405201916 21 2.5648607006989586217887656591218892288e-07 2.297177379815399826190960852478895048989e-05 0.09435072037935705868694213904745993204415 0.1342396318950932199154379986794083379209 0.004478616913401916969916793931361098657362 -0.6035275536921287375946576503338292241096 0.3230064372290587515479387548111844807863 0.004276108447681447287391787170918178162538 0 0 0 0 1 0 1 0.00010667232 1.0000074 11847 -1 
314.8528405201916 17 2.562899776594812464218606923305188161066e-06 4.94785705760582666099846316232202525498e-05 -0.002537703639740401806434988429828081279993 0.01388030785376809066178349638676081667654 -3.403294514447593018197438241578822726296e-05 -2.371955977140184579354809102369472384453 -0.3938988833708050862902894095896044746041 -0.005380926952875874844095527294030034681782 5.944759403559714072066599533549497970603e-13 5.530029720480437864057942106508810583892e-13 -1.052818369051525608197270694084277586552e-11 0 1 0 1 0.00010667232 1.0000074 153 -1 
314.8528405201916 18 8.089872856330876098887800243475432182549e-07 3.368892622046971968953824050352352514892e-05 -0.1100772181041099750942180435231421142817 -0.03607640382257115696518212644150480628014 0.002506891121672010381421502600574058305938 0.2878549587188773406509767482930328696966 -0.7961252678634019863679327499994542449713 0.02404294550130030988510654310630343388766 0 0 0 0 1 0 1 0.00010667232 1.0000074 16293 -1 
