1259.411362080767 23 1.41000784108628133146348324067353985356e-06 4.05428037654132817800209376279951811739e-05 0.02325723844643357018924234580481424927711 -0.07198064459784325741509292129194363951683 -0.004093614557122452965454151296853524399921 0.9226594802618784951775410263508092612028 0.2976104075119154201978233231784543022513 0.03015447818906983809550403918819938553497 0 0 0 0 1 0 1 0.00010667232 1.000011 13198 -1 
1259.411362080767 1 1.170690979904826072033070111233499233094e-06 3.810547334479558536941140589604515298561e-05 -0.07541217854610809956383832286519464105368 -0.02713414185239747603017868016195279778913 0.00168623290872444331518764659705311714788 0.4228044736920693602577614456095034256577 -0.8793237645251475997909551551856566220522 -0.01046771728591639437355720332334385602735 0 0 0 0 1 0 1 0.00010667232 1.000011 18022 -1 
1259.411362080767 2 2.502086883044659073520137038126875950184e-07 2.278281579494926655914815993853039799433e-05 -0.01289062280287192434335974411396819050424 0.04764480714036530700772331670123094227165 -0.0006548468231239346244720866963007210870273 -1.050984131392843412555748727754689753056 -0.5371988070456287234222259030502755194902 0.1355768204542965871262083510373486205935 0 0 0 0 1 0 1 0.00010667232 1.000011 9606 -1 
1259.411362080767 3 9.108760951696148904619559395767769416352e-07 3.504771470664696511251867683256477903342e-05 -0.007411928405233873286273027503057164722122 -0.06778534223319547524777561875453102402389 0.01036632105173211290671808626484562410042 1.061970524931175718919007522345054894686 -0.08074042294182022516668695288899471051991 0.03765782630861631147256574081438884604722 0 0 0 0 1 0 1 0.00010667232 1.000011 19319 -1 
1259.411362080767 4 5.467117898774005419645330601519095381491e-07 2.956374288623960983383130718404885328709e-05 -0.01114759769611064176009218584795235074125 -0.004136926541352407317442274603536134236492 -0.0002307562828625274659651717135133708325156 0.7297665382496897334974050863820593804121 -2.375518006407366211618636953062377870083 -0.06926154595706360272977519798587309196591 0 0 0 0 1 0 1 0.00010667232 1.000011 0 -1 
1259.411362080767 20 1.795280606820007666875891119695474174023e-06 4.394242801056056745966776899692263214092e-05 0.02565131701400594557704870624093018705025 0.03110883646398997226523164272293797694147 0.0004213859640175631284843282831076294314698 -1.092031051653464590600606243242509663105 0.853589112201802446833198700915090739727 -0.01965654964674309890249048748955829069018 8.806010454506886916942398661936784666666e-14 -1.861978613202918652433909185215415624769e-12 1.673548801512175104603233199751596515484e-13 0 1 0 1 0.00010667232 1.000011 16294 -1 
1259.411362080767 17 2.562899776594812464218606923305188161066e-06 4.94785705760582666099846316232202525498e-05 -0.01406953689043734419261699741809934494086 0.002557144799534225194925785018540409510024 6.172223769375068493699826310816547447757e-05 -0.59154490206778276295551677321782335639 -2.297567852686905442993747783475555479527 0.008394455708474213642689143455299927154556 5.944759403559714072066599533549497970603e-13 5.530029720480437864057942106508810583892e-13 -1.052818369051525608197270694084277586552e-11 0 1 0 1 0.00010667232 1.000011 153 -1 
1259.411362080767 7 3.371455361743467071615996955014082914204e-06 5.421411941689679444373803351986396137363e-05 0.08116770089027147694338282235548831522465 0.06747803888399554750332498542775283567607 -0.0009673895880687711189283017887419191538356 -0.5322339050210673772056679808883927762508 0.6953500102283377559686528002202976495028 0.02703905812868104968638149898652045521885 -2.708952993050042022394409083499215403542e-12 1.857909371121264228639877287006966629854e-12 1.351131178209257042164272888374625309661e-11 0 1 0 1 0.00010667232 1.000011 32591 -1 
1259.411362080767 8 9.32349179778278906205490113995315581974e-07 3.532098457779406431482696615553606989124e-05 -0.002429725767269084839294901456696607056074 -0.03180183678300349536804958461289061233401 -0.0003218145877213458936477730176761724578682 1.683047529557693211543778488703537732363 0.001212658567401154411508068520220149366651 0.1057490968672785136561742547200992703438 0 0 0 0 1 0 1 0.00010667232 1.000011 5018 -1 
1259.411362080767 9 6.586734779400803316393078062906951686273e-07 3.145791941546917386144169292983008290321e-05 -0.1179277532757308649680183521013532299548 -0.0695095337895080683798809673135110642761 -0.007782450107861856383739684872580255614594 0.3345417333915912672104298053454840555787 -0.7322938398251284120021864509908482432365 0.01556292741574050696173880936612476943992 0 0 0 0 1 0 1 0.00010667232 1.000011 35323 -1 
1259.411362080767 10 9.77357143616154024274352701828760814351e-07 3.588043508187515874497883205940240713971e-05 -0.1584060037121221842237872579062241129577 0.06578869741160416062530913450245861895382 0.003896334715892078252169605789845263643656 -0.2471010047033672940575144139074836857617 -0.6041633667579823230298075031896587461233 0.01133946988546807865816390403779223561287 0 0 0 0 1 0 1 0.00010667232 1.000011 41198 -1 
1259.411362080767 11 1.616121459159412494383916683235447031564e-07 1.969387917144406672490149212695342839652e-05 -0.1741055621574049694366692619951209053397 0.01757176328238847784479759184250724501908 0.01224164784928654173268292026932613225654 0.008416442956853344495304902750376641051844 -0.6168164377296642131298654021520633250475 0.02174359304035565140789110216701374156401 0 0 0 0 1 0 1 0.00010667232 1.000011 39493 -1 
1259.411362080767 12 4.395171117006712753201395915692017979381e-06 5.922410860319067066803375154471211772034e-05 -0.006937368640326803913287445624291649437509 -0.0219937118178164525694739950267830863595 0.0004997223911617780685301415388721579802223 1.715802994586213214844860885932575911283 -0.5621562993436695077065223813406191766262 -0.009234775028092299942183984740040614269674 1.641149817392415897101382007834512047686e-12 -4.681480055331170958979559388065365280532e-12 -1.454290918904986687953466318973139051289e-12 0 1 0 1 0.00010667232 1.000011 606 -1 
1259.411362080767 22 1.977740211974750955112772919999852838657e-07 2.106507540177246455407635006285005374593e-05 0.1572267962845918798375777214459958486259 0.1023505427958933955423503903148230165243 0.0005963295496443771475519879388116351037752 -0.4053750006963194318920784553483827039599 0.4920051336584049250788552853919100016356 -0.02965356146566790890295450822122802492231 0 0 0 0 1 0 1 0.00010667232 1.000011 26669 -1 
1259.411362080767 18 8.089872856330876098887800243475432182549e-07 3.368892622046971968953824050352352514892e-05 0.01353740662050836353336169537442401633598 -0.1492828253054472587013634665709105320275 -0.004708237486823359067844574354921860503964 0.6954837681860530640420847703353501856327 0.06572825996991714381234572783796465955675 0.03632774520010041002793244047097687143832 0 0 0 0 1 0 1 0.00010667232 1.000011 30643 -1 
