260.0958247775496 23 1.41000784108628133146348324067353985356e-06 4.05428037654132817800209376279951811739e-05 0.05705555315659639747938314258135505951941 -0.03857625163835892712071995447331573814154 0.001029951303292383915991003995316077634925 0.5201393930477853366767249099211767315865 0.9270640429259944248485680873272940516472 -0.001013113730707463451194416670375630928902 0 0 0 0 1 0 1 5.3336692e-05 1.0000058 2549 -1 
260.0958247775496 1 1.170690979904826072033070111233499233094e-06 3.810547334479558536941140589604515298561e-05 0.03329668179541886430250485773285618051887 -0.09039966201960339398091548446245724335313 -0.003228998276632195733870656084718575584702 0.8297844572591358547342110796307679265738 0.382883695558567216377099384772009216249 0.01413106870016815272417254334413883043453 0 0 0 0 1 0 1 5.3336692e-05 1.0000058 3690 -1 
260.0958247775496 2 2.502086883044659073520137038126875950184e-07 2.278281579494926655914815993853039799433e-05 0.01115780237864729892982573744575347518548 0.04485477356096027184984009750223776791245 -0.001361907079343596888368339570263287896523 -1.26184932910855884813372540520504117012 0.2784033716822711945759749596618348732591 -0.007123992590545536081336752687320768018253 0 0 0 0 1 0 1 5.3336692e-05 1.0000058 2767 -1 
260.0958247775496 3 9.108760951696148904619559395767769416352e-07 3.504771470664696511251867683256477903342e-05 -0.04786155505631907447483541773181059397757 0.06169566917440230668923106804868439212441 -0.0004698580444186860414351736281446392240468 -0.6430974576297854294892886173329316079617 -0.660894514736099392138157782028429210186 0.009102505186412292170761162424241774715483 0 0 0 0 1 0 1 5.3336692e-05 1.0000058 8698 -1 
260.0958247775496 4 5.467117898774005419645330601519095381491e-07 2.956374288623960983383130718404885328709e-05 -0.01087279465483591972541077552705246489495 0.001864456899078317884260735937118624860886 2.464004184480895050203194673876794240641e-05 -0.3219576457653059442520770971896126866341 -2.66590874162147617454365899902768433094 -0.02723929570961829485509220205585734220222 0 0 0 0 1 0 1 5.3336692e-05 1.0000058 0 -1 
260.0958247775496 20 1.04991927182053502693272802742674443266e-06 3.674728344402756601569728922562774187099e-05 0.009792976206093007354724910840104712406173 0.04479617932141363029208136481429392006248 -0.0003074452655464884930427982290268573706271 -1.237139651496435233113402318849693983793 0.2402784100138794232126571159824379719794 -0.005961179451277784716034524592487287009135 0 0 0 0 1 0 1 5.3336692e-05 1.0000058 4159 -1 
260.0958247775496 6 3.088923611477910994923428734948434026819e-07 2.44404384607454736868473871291840282538e-05 -0.03374759420294339701262842368123529013246 0.00646692877310937799112400270473699492868 -0.0006974502054033700519306004927955200400902 -0.4802072996668835802580588278942741453648 -1.510289713092750840672806589282117784023 -0.1271434606504708020313643146437243558466 0 0 0 0 1 0 1 5.3336692e-05 1.0000058 4544 -1 
260.0958247775496 7 2.184908399228585509905089037663294959657e-06 4.69156439248092128088511720829245632558e-05 -0.007161955456027084380987712819432999822311 -0.09743820462307692387149415935709839686751 0.001498439136246297294710605463308183971094 0.8733348916558630881112890165240969508886 -0.1354062116308830665545315241615753620863 -0.01070101689538262637602095139754965202883 0 0 0 0 1 0 1 5.3336692e-05 1.0000058 8240 -1 
260.0958247775496 8 9.32349179778278906205490113995315581974e-07 3.532098457779406431482696615553606989124e-05 -0.02696420338035208225102579149279335979372 -0.01037252532722477728344134817461963393725 -0.0005724776494532784294408389591524155548541 0.4454903447958545870122293308668304234743 -1.547674682373972654403360138530842959881 -0.03088009594703513757685264806696068262681 0 0 0 0 1 0 1 5.3336692e-05 1.0000058 1106 -1 
260.0958247775496 9 6.586734779400803316393078062906951686273e-07 3.145791941546917386144169292983008290321e-05 0.0008206292825527689623749116876183506974485 0.1539192161224521016027466657760669477284 0.001193396088420669437502041887455561663955 -0.7276199891316855739020752480428200215101 0.002992990229328425233479293865457293577492 -0.0213623049836467182593935376644367352128 0 0 0 0 1 0 1 5.3336692e-05 1.0000058 20412 -1 
260.0958247775496 10 9.77357143616154024274352701828760814351e-07 3.588043508187515874497883205940240713971e-05 0.05496102359707601137106536270948708988726 0.1538989494933682700139598864552681334317 0.001624642489673986398349136983654261712218 -0.6520013353090076124729534967627841979265 0.2201184321825863099419962054525967687368 0.03915247013004152093484933061517949681729 0 0 0 0 1 0 1 5.3336692e-05 1.0000058 16854 -1 
260.0958247775496 11 1.616121459159412494383916683235447031564e-07 1.969387917144406672490149212695342839652e-05 -0.06154844917921033220498117088936851359904 0.06706914010764282452203843831739504821599 -0.001263925008765241731964468208104790392099 -0.7482959456672897413653799958410672843456 -0.5815025180092415757471258075383957475424 -0.08179562067678358694422513508470728993416 0 0 0 0 1 0 1 5.3336692e-05 1.0000058 6739 -1 
260.0958247775496 12 4.086278755858921336071697821834547426079e-06 5.780285194348379725548178753591344047891e-05 0.02199499691823180239080848252797295572236 0.0007607023199199552552715597464327856869204 -4.053553517107741360888870096879088578135e-05 -0.0700658463372204470820392430141509976238 1.906144397608160456769610391347669064999 -0.01884959418788722737558849473771260818467 -6.348003193741340895033105561202259737967e-13 3.46944340830517340298330485329330870152e-13 5.42065212356841849174855167512739701971e-12 0 1 0 1 5.3336692e-05 1.0000058 124 -1 
260.0958247775496 22 1.977740211974750955112772919999852838657e-07 2.106507540177246455407635006285005374593e-05 0.1285663087659288383868272376275854185224 0.09801410984256056502239573546830797567964 0.004347381811880308630224867272318078903481 -0.4027363311230492959325033552886452525854 0.5953767100439740778128339115937706083059 -0.003280455708891353867190376902840398543049 0 0 0 0 1 0 1 5.3336692e-05 1.0000058 18060 -1 
260.0958247775496 14 7.453613349994725340640446854811873578228e-07 3.278150515193195227046582540531005633966e-05 0.02258257246529568607051885464898077771068 -0.02940427016370371696152297147364151896909 -0.0006848154546533220116133477972653054166585 1.181938995344777643126121802197303622961 0.8711534563743992265472115832380950450897 -0.01681796751859544053475659097784955520183 0 0 0 0 1 0 1 5.3336692e-05 1.0000058 3474 -1 
260.0958247775496 15 1.186546962514881349952671103775703187466e-06 3.827673752115377868270040817577637426439e-05 0.1025945922268499121976503829500870779157 -0.06395045436224401635971759105814271606505 0.002313900054970468526255311658701430133078 0.4789431576237329069023473948618629947305 0.6746157044808105407440734779811464250088 -0.007271868478602925428555536768726597074419 0 0 0 0 1 0 1 5.3336692e-05 1.0000058 8756 -1 
260.0958247775496 21 2.5648607006989586217887656591218892288e-07 2.297177379815399826190960852478895048989e-05 -0.1262800477357171047287920373491942882538 -0.03949586643443842720602177109867625404149 0.005427224102271163350130755986810981994495 0.2471088695435957882651223371794912964106 -0.7822928647366123033890517035615630447865 0.006472996305226805593968641971969191217795 0 0 0 0 1 0 1 5.3336692e-05 1.0000058 9125 -1 
260.0958247775496 17 2.562899776594812464218606923305188161066e-06 4.94785705760582666099846316232202525498e-05 -0.00879286379329290157524923188248067162931 0.01151515330079856680445260508349747397006 4.703987630258212152044652865079399362003e-05 -1.852347389536836752554904705903027206659 -1.43351605470592868840640221606008708477 -0.002048529454180872053092876683422218775377 5.944759403559714072066599533549497970603e-13 5.530029720480437864057942106508810583892e-13 -1.052818369051525608197270694084277586552e-11 0 1 0 1 5.3336692e-05 1.0000058 153 -1 
260.0958247775496 18 8.089872856330876098887800243475432182549e-07 3.368892622046971968953824050352352514892e-05 0.1393259658134117506822491350249038077891 0.008618325572571769108143335813565499847755 0.00189455231282826402905428153644606936723 -0.01568032517513106086082252943469939054921 0.7456196536255892404199130396591499447823 -0.02151963246915392785618692528259998653084 0 0 0 0 1 0 1 5.3336692e-05 1.0000058 14941 -1 
