246.4065708418891 23 1.41000784108628133146348324067353985356e-06 4.05428037654132817800209376279951811739e-05 -0.0643407495917130978213549497013445943594 0.02002000335954983584185740141947462689131 -0.0009786784456001192730040250111755995021667 -0.4186145434856933800205069928779266774654 -1.001070869876436120193829992786049842834 -0.0004672750578865865435027049379357322322903 0 0 0 0 1 0 1 0.00010667232 1.000005 2543 -1 
246.4065708418891 1 1.170690979904826072033070111233499233094e-06 3.810547334479558536941140589604515298561e-05 0.07099392385892812351588787578293704427779 0.05238748801079466665964190497106756083667 -0.0001920650010297758180505267588955575774889 -0.5610777667389861278479656903073191642761 0.8123916391096915878833328861219342797995 0.04229810651576067226375954533068579621613 0 0 0 0 1 0 1 0.00010667232 1.000005 3553 -1 
246.4065708418891 2 2.502086883044659073520137038126875950184e-07 2.278281579494926655914815993853039799433e-05 -0.01338102851689128985901433566141349729151 0.04588235690254138798849226077436469495296 -0.0007164815326299308695726097973022206133464 -1.197001626579068167544050993456039577723 -0.3997119405767930455652958698919974267483 -0.04413460128130754223096943178461515344679 0 0 0 0 1 0 1 0.00010667232 1.000005 2616 -1 
246.4065708418891 3 9.108760951696148904619559395767769416352e-07 3.504771470664696511251867683256477903342e-05 0.03386681074425654247583850064984289929271 -0.04419051240835993044075991065255948342383 0.0006048666894731175068880557610384585132124 1.134159390732493832842919800896197557449 0.6250815200092798562536700046621263027191 -0.006066945798948513920989533687588846078143 0 0 0 0 1 0 1 0.00010667232 1.000005 8684 -1 
246.4065708418891 4 5.467117898774005419645330601519095381491e-07 2.956374288623960983383130718404885328709e-05 -0.0106514267883436302558619601654754660558 -0.001564261562038033468238773515679440606618 0.0001098727341506368701670379173229719071969 0.3853815041972930566238630945008480921388 -2.725890643119039946640214111539535224438 -0.01191424817653487754076646609746603644453 0 0 0 0 1 0 1 0.00010667232 1.000005 0 -1 
246.4065708418891 20 1.04991927182053502693272802742674443266e-06 3.674728344402756601569728922562774187099e-05 -0.0394858396248262966121700401345151476562 -0.004860528548777500248978533647914446191862 1.059272605073504976863109361406856123722e-05 0.2133334874652406398798376585546066053212 -1.421937839544057391449882743472699075937 0.01593628884423917493884381713087350362912 0 0 0 0 1 0 1 0.00010667232 1.000005 3428 -1 
246.4065708418891 6 3.088923611477910994923428734948434026819e-07 2.44404384607454736868473871291840282538e-05 -0.0005732110202756565990253601050596898858203 0.03104470918295617123949803328741836594418 0.001016566642243928826269683263205934053985 -1.707431926811341371674757283471990376711 -0.2133799862071297515075940509632346220315 0.120553939486452502127811214904795633629 0 0 0 0 1 0 1 0.00010667232 1.000005 4365 -1 
246.4065708418891 7 2.184908399228585509905089037663294959657e-06 4.69156439248092128088511720829245632558e-05 -0.0666756463993152664881947089270397555083 -0.06643541773859443222427501041238429024816 0.001072047861855697286834199211114082572749 0.5925138719581973800742957791953813284636 -0.706031580680996806442806246195686981082 0.01138466908575594578600931328082879190333 0 0 0 0 1 0 1 0.00010667232 1.000005 8201 -1 
246.4065708418891 8 9.32349179778278906205490113995315581974e-07 3.532098457779406431482696615553606989124e-05 0.01538413375858421749953208745864685624838 0.02405181074769800753099247003774507902563 -0.0006081018896176411609247325351645940827439 -1.325256564220280042221133953717071563005 0.9511532001542749581446400952700059860945 0.01680146993870767699319479504538321634755 0 0 0 0 1 0 1 0.00010667232 1.000005 1106 -1 
246.4065708418891 9 6.586734779400803316393078062906951686273e-07 3.145791941546917386144169292983008290321e-05 0.09765875448092313504400152623929898254573 -0.1225598211532189091288458371309388894588 0.0007049605038047045786273048229020332655637 0.5526093587073273027954201097600162029266 0.4514646238582985526832658251805696636438 0.02119751272805129108101063195590540999547 0 0 0 0 1 0 1 0.00010667232 1.000005 20072 -1 
246.4065708418891 10 9.77357143616154024274352701828760814351e-07 3.588043508187515874497883205940240713971e-05 -0.04269734681686015304036274642385251354426 0.1548612488577571499881457839364884421229 0.004891983230736758614387582611016114242375 -0.6700846508596556283521294972160831093788 -0.2096497518417616834351946408787625841796 0.03421623175675499867187667746293300297111 0 0 0 0 1 0 1 0.00010667232 1.000005 16295 -1 
246.4065708418891 11 1.616121459159412494383916683235447031564e-07 1.969387917144406672490149212695342839652e-05 -0.01710015464685629010821443785062001552433 0.08786296786522300450439360020027379505336 0.006189181813390034342381440524150093551725 -0.9555468031878655565947155992034822702408 -0.1277140591698923410834964897730969823897 -0.0421185429410091058399778773946309229359 0 0 0 0 1 0 1 0.00010667232 1.000005 6633 -1 
246.4065708418891 12 4.086278755858921336071697821834547426079e-06 5.780285194348379725548178753591344047891e-05 0.01296875273719650355219723536492892890237 0.01681381794165482529423982782645907718688 0.0001738858458169228820254514911169962942949 -1.573164915153515419632412886130623519421 1.195672749580304561334287427598610520363 -0.01419457343890791894969183317698480095714 -6.348003193741340895033105561202259737967e-13 3.46944340830517340298330485329330870152e-13 5.42065212356841849174855167512739701971e-12 0 1 0 1 0.00010667232 1.000005 124 -1 
246.4065708418891 22 1.977740211974750955112772919999852838657e-07 2.106507540177246455407635006285005374593e-05 -0.03628605635232396570133417412762355525047 -0.1670279874082316873273867940952186472714 -0.004191651643738003238381928383660124382004 0.6766134782820310000772678904468193650246 -0.09313258734149408579749973569050780497491 0.01082298802639855214713371367452054983005 0 0 0 0 1 0 1 0.00010667232 1.000005 17797 -1 
246.4065708418891 14 7.453613349994725340640446854811873578228e-07 3.278150515193195227046582540531005633966e-05 0.03878704173369414143213163015389000065625 0.004528493165386576584097166886522245476954 0.0001761484050589464756073759810206524889509 -0.108689614271529746969413565693685086444 1.417035490009815879020038664748426526785 0.02089920057752756368807389719677303219214 0 0 0 0 1 0 1 0.00010667232 1.000005 2905 -1 
246.4065708418891 15 1.186546962514881349952671103775703187466e-06 3.827673752115377868270040817577637426439e-05 0.0928512697801710251699347509202198125422 -0.07881256129781033514802857098402455449104 0.002488571410738662885442362693311224575154 0.5783685896916120894317714373755734413862 0.5857093042468662913435650807514321058989 -0.002983082808168788582769970219032984459773 0 0 0 0 1 0 1 0.00010667232 1.000005 8478 -1 
246.4065708418891 21 2.5648607006989586217887656591218892288e-07 2.297177379815399826190960852478895048989e-05 -0.09802446644392145969071350464218994602561 0.09532085294223879845532110266503877937794 0.0001658073041007405946586916734020178409992 -0.4948362358021898277371519725420512259007 -0.621740198430932533568693543202243745327 0.02194195817350719224236854643095284700394 0 0 0 0 1 0 1 0.00010667232 1.000005 8352 -1 
246.4065708418891 17 2.562899776594812464218606923305188161066e-06 4.94785705760582666099846316232202525498e-05 -0.001601224661641700245523489698484809196088 0.01450174479073848034238469750789590761997 9.763073675856900109776281837525857554283e-06 -2.306469474189257962137844515382312238216 -0.2944239993287690593248839832085650414228 0.006668100175381407035413161565884365700185 5.944759403559714072066599533549497970603e-13 5.530029720480437864057942106508810583892e-13 -1.052818369051525608197270694084277586552e-11 0 1 0 1 0.00010667232 1.000005 153 -1 
246.4065708418891 18 8.089872856330876098887800243475432182549e-07 3.368892622046971968953824050352352514892e-05 -0.1295444579110643923414158962259534746408 0.03606727902266566865296937294260715134442 -0.003895567932932238359999832510993655887432 -0.1754623274188816806073987208947073668242 -0.7532177988635787579951852421800140291452 0.01257453224007659860206320701081494917162 0 0 0 0 1 0 1 0.00010667232 1.000005 14526 -1 
