451.7453798767967 23 1.41000784108628133146348324067353985356e-06 4.05428037654132817800209376279951811739e-05 -0.0262521277239441269690800595526525285095 -0.05613520474012524685836211801870376802981 -0.0008097878777272034906895004091609280294506 0.9440098157335365947062655322952196002007 -0.6298119608152206172491105462540872395039 0.04248875292555339550082393884622433688492 0 0 0 0 1 0 1 5.3336692e-05 1.00001 4800 -1 
451.7453798767967 1 1.170690979904826072033070111233499233094e-06 3.810547334479558536941140589604515298561e-05 -0.07895940987723722159774553119859774596989 -0.01385206858424004039420651679392904043198 0.002339987640863581356415190626307776255999 0.2778547471860129403076200560462893918157 -0.9525454312333053730199594610894564539194 0.1060616666342480834961392588411399628967 0 0 0 0 1 0 1 5.3336692e-05 1.00001 9286 -1 
451.7453798767967 2 2.502086883044659073520137038126875950184e-07 2.278281579494926655914815993853039799433e-05 -0.05571220737759324803661797886888962239027 0.002710228941765985798129090511565664201044 0.002645161325843130729201790884985712182242 -0.1025671340123919250686412851791828870773 -1.16763060434610821403111913241446018219 -0.1203445203922201833801608472640509717166 0 0 0 0 1 0 1 5.3336692e-05 1.00001 4533 -1 
451.7453798767967 3 9.108760951696148904619559395767769416352e-07 3.504771470664696511251867683256477903342e-05 0.03345444180436193265526512163887673523277 0.0780006549552760136689855130498472135514 0.007755749810564117711908505015117043512873 -0.7904311368660297265620329199009574949741 0.4756151742873229171237881018896587193012 0.01950057533528727626848109366619610227644 0 0 0 0 1 0 1 5.3336692e-05 1.00001 11902 -1 
451.7453798767967 4 5.467117898774005419645330601519095381491e-07 2.956374288623960983383130718404885328709e-05 0.01058362403166051429748151235799014102668 -0.003278305195206273042057842914687171287369 5.684426804946493484889391556436066821334e-05 0.6068132403536985464143072022125124931335 2.603352561234266726586383811081759631634 -0.006125849068141774392270981763886084081605 0 0 0 0 1 0 1 5.3336692e-05 1.00001 0 -1 
451.7453798767967 20 1.795280606820007666875891119695474174023e-06 4.394242801056056745966776899692263214092e-05 -0.006050186351098971876405485659233818296343 -0.0419066479875514069641795344978163484484 -0.0005182441914678062979196515591695515468018 1.342414967121048130493932148965541273355 -0.1853127362298959412978405225658207200468 -0.01639448751005694038251903066338854841888 8.806010454506886916942398661936784666666e-14 -1.861978613202918652433909185215415624769e-12 1.673548801512175104603233199751596515484e-13 0 1 0 1 5.3336692e-05 1.00001 9243 -1 
451.7453798767967 17 2.562899776594812464218606923305188161066e-06 4.94785705760582666099846316232202525498e-05 0.01345770405131039605672871317665340029635 -0.005925316879260331993928279104011380695738 0.0001009348280362936452637240281049457735207 0.8984900900609498197724178680800832808018 2.124612974154600930631886512855999171734 -0.01743185112748132578608384335439041024074 5.944759403559714072066599533549497970603e-13 5.530029720480437864057942106508810583892e-13 -1.052818369051525608197270694084277586552e-11 0 1 0 1 5.3336692e-05 1.00001 153 -1 
451.7453798767967 7 2.184908399228585509905089037663294959657e-06 4.69156439248092128088511720829245632558e-05 0.01252806486225307124049432871970566338859 -0.1057871166043933969236334746710781473666 -0.0009318077618275287868354617160093766869977 0.8494026522116256971983716539398301392794 0.06604575404074894406925011480780085548759 -0.01672702218397658160964347473509405972436 0 0 0 0 1 0 1 5.3336692e-05 1.00001 12628 -1 
451.7453798767967 8 9.32349179778278906205490113995315581974e-07 3.532098457779406431482696615553606989124e-05 -0.01035410445958569007618432777917405474 0.02450709506500468870537901011630310676992 6.423038419992827354788877958213788588182e-05 -1.589337953340165698890018575184512883425 -0.8305335460772185207645179616520181298256 0.02175810943645029721382755383274343330413 0 0 0 0 1 0 1 5.3336692e-05 1.00001 1338 -1 
451.7453798767967 9 6.586734779400803316393078062906951686273e-07 3.145791941546917386144169292983008290321e-05 0.1244039528439919023439230727490212302655 -0.07251852479354296832081416823712061159313 0.001940866980318730347990219264886491146171 0.4139958160225343242188955628080293536186 0.6429704710478034712650696747004985809326 -0.03462988591897232099059422694153909105808 0 0 0 0 1 0 1 5.3336692e-05 1.00001 24039 -1 
451.7453798767967 10 9.77357143616154024274352701828760814351e-07 3.588043508187515874497883205940240713971e-05 0.153419712721502260466266420735337305814 0.01802632992935377514998052106420800555497 0.005305071909939797734911959281589588499628 -0.05246336921987847234927215822608559392393 0.7160129962876896625445510835561435669661 0.01789763181587637752567587767771328799427 0 0 0 0 1 0 1 5.3336692e-05 1.00001 20625 -1 
451.7453798767967 11 1.616121459159412494383916683235447031564e-07 1.969387917144406672490149212695342839652e-05 0.01379807787421001401273468189856430399232 0.09140066150893325080950546634994680061936 -0.003213940262804569104881924346273081027903 -0.8144680060028165469176997248723637312651 0.2774653620579571877691194004000863060355 -0.1201653631472849592665141926772776059806 0 0 0 0 1 0 1 5.3336692e-05 1.00001 12660 -1 
451.7453798767967 12 4.395171117006712753201395915692017979381e-06 5.922410860319067066803375154471211772034e-05 0.0120572521984202343098280252320364525076 -0.01689327912390646557749818157390109263361 9.615391571170948850199450275155754752632e-05 1.649198151126630484952784172492101788521 1.179090181163270134589993176632560789585 0.01247327849661012365289902703580082743429 1.641149817392415897101382007834512047686e-12 -4.681480055331170958979559388065365280532e-12 -1.454290918904986687953466318973139051289e-12 0 1 0 1 5.3336692e-05 1.00001 517 -1 
451.7453798767967 22 1.977740211974750955112772919999852838657e-07 2.106507540177246455407635006285005374593e-05 -0.1698061159393516317273054028191836550832 0.02346622199058684410388764263188932090998 0.005470876450454240265408589749540624325164 -0.1163284848378516173061925087495183106512 -0.6943277339584996710186715063173323869705 0.0231287807584833540741620083736052038148 0 0 0 0 1 0 1 5.3336692e-05 1.00001 20981 -1 
451.7453798767967 18 8.089872856330876098887800243475432182549e-07 3.368892622046971968953824050352352514892e-05 0.06420332225177059759513298331512487493455 0.1121868869620876868475889409637602511793 -0.0006375499248819137352445318711602340044919 -0.708796873498613089203956860728794708848 0.4022512721704457061555615382530959323049 0.0432779271727779940581726236814574804157 0 0 0 0 1 0 1 5.3336692e-05 1.00001 18697 -1 
451.7453798767967 15 1.186546962514881349952671103775703187466e-06 3.827673752115377868270040817577637426439e-05 -0.1029497794380601766173199962395301554352 0.07243574004704492197426191069098422303796 0.00279837044355029079117924695196961693 -0.4599139555112439214923369945609010756016 -0.6269517371950908968258886488911230117083 0.0005621830626924205443969984052898780646501 0 0 0 0 1 0 1 5.3336692e-05 1.00001 12793 -1 
451.7453798767967 21 2.5648607006989586217887656591218892288e-07 2.297177379815399826190960852478895048989e-05 0.2307806161976539705005251335023785941303 0.003372081262519813910083499308711907360703 0.00410701133069183571544513711160107050091 -0.04676274156494782119342090709324111230671 0.5183737682385771705639854189939796924591 -0.01417925766387581436311915439318909193389 0 0 0 0 1 0 1 5.3336692e-05 1.00001 14603 -1 
